,unixtime,latitudine,longitudine,altitudine,precisione_orizzontale,precisione_verticale,geometry,delta_tempo,delta_distanza_orizzontale,delta_distanza_verticale,delta_distanza_reale,velocita,distanza_percorsa_da_inizio,tempo_da_inizio,stato,impianto_inizio,impianto_fine,tempo_da_inizio_minuti,velocita_kmh,impianti,delta_minuti,discesa
0,1734873926.0,46.506091,12.932234,1751.666647,2.8,10.0,POINT (1439609.7036994593 5861824.910930301),95.0,15.703399758513203,-1.8725190000000111,15.814648000541574,,0.0,0.0,Discesa,Valvan,Valvan,247.98333333333332,0.5992919242310492,Valvan-Valvan,67.93333333333331,7
1,1734873931.0,46.506056,12.932364,1750.606755,2.5,10.0,POINT (1439624.1752332626 5861819.250159528),5.0,15.539292659677963,-1.0598919999999907,15.57539686219216,7.710998205442157,10.709719729780772,5.0,Discesa,Valvan,Valvan,248.06666666666666,11.214285740778356,Valvan-Valvan,0.08333333333334281,7
2,1734873974.0,46.50599,12.93248,1749.417581,3.0,9.9,POINT (1439637.0882941945 5861808.575573125),43.0,16.753923048390888,-1.1891740000000937,16.796073121824627,1.6684903891034992,22.24653852137999,48.0,Discesa,Valvan,Valvan,248.78333333333333,1.4061828660132245,Valvan-Valvan,0.7166666666666686,7
3,1734873978.0,46.505923,12.932638,1747.840441,3.0,9.9,POINT (1439654.67677374 5861797.739263822),4.0,20.658659492370138,-1.577139999999872,20.718773675130834,2.5254081983794796,36.478118421036925,52.0,Discesa,Valvan,Valvan,248.85,18.64689630761775,Valvan-Valvan,0.06666666666666288,7
4,1734873981.0,46.505872,12.932815,1747.328742,2.9,9.9,POINT (1439674.3803236103 5861789.490738826),3.0,21.360431692924504,-0.5116990000001351,21.36655980673292,3.351211258061283,51.19906088704738,55.0,Discesa,Valvan,Valvan,248.9,25.6398717680795,Valvan-Valvan,0.05000000000001137,7
5,1734873983.0,46.505823,12.93293,1746.053109,2.7,9.9,POINT (1439687.1820650515 5861781.565692689),2.0,15.056259170052854,-1.2756329999999707,15.110201181535922,3.888704272038395,61.57115097394126,57.0,Discesa,Valvan,Valvan,248.93333333333334,27.19836212676466,Valvan-Valvan,0.03333333333333144,7
6,1734873986.0,46.505748,12.93302,1743.917785,3.3,6.3,POINT (1439697.2008192232 5861769.4355338635),3.0,15.73264721180153,-2.135323999999855,15.87689506408548,4.3438952285477725,72.39825380912953,60.0,Discesa,Valvan,Valvan,248.98333333333332,19.052274076902577,Valvan-Valvan,0.04999999999998295,7
7,1734873989.0,46.505642,12.933035,1741.247795,3.1,4.4,POINT (1439698.870611585 5861752.291604602),3.0,17.225054921890795,-2.669990000000098,17.430759124669667,4.813568811695275,84.2374542046673,63.0,Discesa,Valvan,Valvan,249.03333333333333,20.9169109496036,Valvan-Valvan,0.05000000000001137,7
8,1734873992.0,46.505562,12.932888,1739.364279,2.7,5.0,POINT (1439682.5066464383 5861739.352812197),3.0,20.861248865183523,-1.8835160000000997,20.946105526741174,5.378382414714328,98.603677603096,66.0,Discesa,Valvan,Valvan,249.08333333333334,25.13532663208941,Valvan-Valvan,0.05000000000001137,7
9,1734873996.0,46.505446,12.932957,1735.82227,3.1,6.0,POINT (1439690.187691303 5861720.5915970355),4.0,20.27268222389074,-3.5420090000000073,20.579783096693138,5.7879571527293185,112.54361130307007,70.0,Discesa,Valvan,Valvan,249.15,18.521804787023825,Valvan-Valvan,0.06666666666666288,7
10,1734873998.0,46.505405,12.933078,1734.283974,3.0,7.1,POINT (1439703.657349689 5861713.96048746),2.0,15.013437688950756,-1.5382959999999457,15.092039816526555,6.144449027724477,122.88898055448954,72.0,Discesa,Valvan,Valvan,249.18333333333334,27.1656716697478,Valvan-Valvan,0.03333333333333144,7
11,1734874000.0,46.505454,12.933243,1730.858627,2.6,7.8,POINT (1439722.0250656698 5861721.885472658),2.0,20.00445902159792,-3.4253469999998742,20.295600085171134,6.649063983021305,136.67520409543795,74.0,Discesa,Valvan,Valvan,249.21666666666667,36.532080153308044,Valvan-Valvan,0.03333333333333144,7
12,1734874002.0,46.50552,12.933403,1727.416757,3.2,7.8,POINT (1439739.8361841969 5861732.559953808),2.0,20.764886009858866,-3.441870000000108,21.04820562659281,7.151711729422114,150.98058095446686,76.0,Discesa,Valvan,Valvan,249.25,37.88677012786706,Valvan-Valvan,0.03333333333333144,7
13,1734874005.0,46.505526,12.933567,1724.707417,3.4,6.4,POINT (1439758.0925806868 5861733.530361828),3.0,18.282169032239068,-2.7093399999998837,18.481835075526472,7.454553210744366,163.58602879133468,79.0,Discesa,Valvan,Valvan,249.3,22.178202090631768,Valvan-Valvan,0.05000000000001137,7
14,1734874007.0,46.505531,12.933699,1723.673324,3.4,5.6,POINT (1439772.7867534717 5861734.339035259),2.0,14.716408072278321,-1.0340929999999844,14.75269517350872,7.721462129501582,173.73289791378556,81.0,Discesa,Valvan,Valvan,249.33333333333334,26.554851312315694,Valvan-Valvan,0.03333333333333144,7
15,1734874009.0,46.505651,12.93381,1720.993514,3.6,5.5,POINT (1439785.1432169494 5861753.747219937),2.0,23.007820891662828,-2.6798100000000886,23.16335907891895,8.221917159129102,189.56086783547653,83.0,Discesa,Valvan,Valvan,249.36666666666667,41.694046342054115,Valvan-Valvan,0.03333333333333144,7
16,1734874011.0,46.505771,12.93387,1717.951366,3.5,5.9,POINT (1439791.8223863973 5861773.155447459),2.0,20.525364797149777,-3.0421479999999974,20.74958468283111,8.626142111966175,203.672799865868,85.0,Discesa,Valvan,Valvan,249.4,37.349252429096,Valvan-Valvan,0.03333333333333144,7
17,1734874013.0,46.50589,12.933864,1713.961544,3.0,5.6,POINT (1439791.1544694523 5861792.40198206),2.0,19.258120551788462,-3.9898220000000038,19.667076213278403,8.975544676131465,216.90899633984372,87.0,Discesa,Valvan,Valvan,249.43333333333334,35.40073718390113,Valvan-Valvan,0.03333333333333144,7
18,1734874015.0,46.505986,12.933945,1711.609419,2.9,5.9,POINT (1439800.1713482067 5861807.928628911),2.0,17.95496769487652,-2.3521250000001146,18.10837808694321,9.273414192382173,229.25940642278147,89.0,Discesa,Valvan,Valvan,249.46666666666667,32.59508055649778,Valvan-Valvan,0.03333333333333144,7
19,1734874017.0,46.50603,12.934086,1707.90808,3.4,5.9,POINT (1439815.8673964087 5861815.045017883),2.0,17.233946766742598,-3.7013389999999617,17.62693483144016,9.539433187019585,241.1356722274395,91.0,Discesa,Valvan,Valvan,249.5,31.728482696592287,Valvan-Valvan,0.03333333333333144,7
20,1734874019.0,46.505974,12.934224,1702.361639,3.3,5.3,POINT (1439831.229486138 5861805.987796555),2.0,17.833313181709187,-5.546440999999959,18.67592211387173,9.809866710219648,253.42155668067426,93.0,Discesa,Valvan,Valvan,249.53333333333333,33.61665980496912,Valvan-Valvan,0.03333333333333144,7
21,1734874021.0,46.505942,12.934361,1700.025771,3.2,4.8,POINT (1439846.4802563768 5861800.8122457),2.0,16.10504019036669,-2.3358679999998913,16.273555199978578,10.024001180504337,264.52225337441996,95.0,Discesa,Valvan,Valvan,249.56666666666666,29.29239935996144,Valvan-Valvan,0.03333333333333144,7
22,1734874024.0,46.505831,12.934436,1696.939442,3.5,4.0,POINT (1439854.8292181862 5861782.859577284),3.0,19.799077416076234,-3.086328999999978,20.038185876571283,10.217311398849015,278.13792141311205,98.0,Discesa,Valvan,Valvan,249.61666666666667,24.04582305188554,Valvan-Valvan,0.05000000000001137,7
23,1734874027.0,46.505734,12.934562,1693.741859,3.4,3.9,POINT (1439868.8554740262 5861767.171239403),3.0,21.044234325829375,-3.1975830000001224,21.285777773017955,10.430098638279706,292.62221179618064,101.0,Discesa,Valvan,Valvan,249.66666666666666,25.542933327621547,Valvan-Valvan,0.04999999999998295,7
24,1734874031.0,46.505628,12.934544,1690.311947,3.9,3.9,POINT (1439866.851723192 5861750.027314556),4.0,17.260625034260556,-3.4299120000000585,17.598109924110787,10.439520622793893,304.48601816482187,105.0,Discesa,Valvan,Valvan,249.73333333333332,15.83829893169971,Valvan-Valvan,0.06666666666666288,7
25,1734874034.0,46.505534,12.934469,1687.984705,3.3,3.9,POINT (1439858.5027613824 5861734.8242393555),3.0,17.344701174870632,-2.327241999999842,17.50013469011373,10.547198350078665,316.4159505023599,108.0,Discesa,Valvan,Valvan,249.78333333333333,21.000161628136475,Valvan-Valvan,0.05000000000001137,7
26,1734874036.0,46.505439,12.934458,1685.287725,3.9,4.0,POINT (1439857.2782469837 5861719.459456021),2.0,15.41350065462801,-2.696980000000167,15.647674062001002,10.702144183735774,327.0099611697042,110.0,Discesa,Valvan,Valvan,249.81666666666666,28.165813311601806,Valvan-Valvan,0.03333333333333144,7
27,1734874039.0,46.505342,12.934351,1682.741144,3.9,4.1,POINT (1439845.3670614688 5861703.7712312685),3.0,19.69763275758703,-2.546580999999833,19.861566177981175,10.849830198156868,340.56411455325724,113.0,Discesa,Valvan,Valvan,249.86666666666667,23.83387941357741,Valvan-Valvan,0.05000000000001137,7
28,1734874042.0,46.505198,12.934329,1679.980011,4.0,4.3,POINT (1439842.9180326713 5861680.481547182),3.0,23.418094006160715,-2.7611329999999725,23.580309207579727,11.06876314071155,356.6601456451499,116.0,Discesa,Valvan,Valvan,249.91666666666666,28.296371049095676,Valvan-Valvan,0.04999999999998295,7
29,1734874044.0,46.505108,12.934274,1678.674242,3.9,4.4,POINT (1439836.7954606777 5861665.925525955),2.0,15.791252065384796,-1.3057690000000548,15.845146716704162,11.212439665064794,367.5188556882349,118.0,Discesa,Valvan,Valvan,249.95,28.521264090067493,Valvan-Valvan,0.03333333333333144,7
30,1734874046.0,46.505054,12.934159,1677.303186,3.9,5.2,POINT (1439823.9937192365 5861657.191924786),2.0,15.49710854653052,-1.3710559999999532,15.557640176391956,11.345802414697719,378.1934138232573,120.0,Discesa,Valvan,Valvan,249.98333333333332,28.003752317505523,Valvan-Valvan,0.03333333333333144,7
31,1734874048.0,46.504947,12.934101,1674.394927,3.8,7.2,POINT (1439817.5371887705 5861639.8864814285),2.0,18.47065660619119,-2.9082590000000437,18.698211836293748,11.53456186502931,390.8934854259933,122.0,Discesa,Valvan,Valvan,250.01666666666668,33.65678130532875,Valvan-Valvan,0.03333333333335986,7
32,1734874050.0,46.504858,12.934006,1672.13421,3.4,10.1,POINT (1439806.9618371453 5861625.492260098),2.0,17.861457658761843,-2.2607170000001133,18.003958205067896,11.705332180220472,403.1836639853718,124.0,Discesa,Valvan,Valvan,250.05,32.40712476912221,Valvan-Valvan,0.03333333333333144,7
33,1734874052.0,46.504765,12.933921,1669.103439,3.4,10.2,POINT (1439797.4996804278 5861610.451132652),2.0,17.769860004943943,-3.030770999999959,18.026466582493285,11.868806318875952,415.4082211606583,126.0,Discesa,Valvan,Valvan,250.08333333333334,32.44763984848792,Valvan-Valvan,0.03333333333333144,7
34,1734874054.0,46.504643,12.933838,1667.27567,3.4,10.4,POINT (1439788.2601626918 5861590.719800181),2.0,21.787477345914546,-1.8277689999999893,21.864009435968065,12.104767011150683,430.39171595202424,128.0,Discesa,Valvan,Valvan,250.11666666666667,39.35521698474252,Valvan-Valvan,0.03333333333333144,7
35,1734874056.0,46.504535,12.933829,1665.444496,3.6,10.8,POINT (1439787.2582872745 5861573.252755925),2.0,17.495753467120387,-1.831173999999919,17.59132137164604,12.251547169526917,442.4169811218053,130.0,Discesa,Valvan,Valvan,250.15,31.66437846896287,Valvan-Valvan,0.03333333333333144,7
36,1734874058.0,46.504435,12.933873,1664.651383,3.0,10.8,POINT (1439792.1563448696 5861557.079597741),2.0,16.89858023148624,-0.7931130000001758,16.91718185959904,12.38276767211041,454.0348146440483,132.0,Discesa,Valvan,Valvan,250.18333333333334,30.450927347278274,Valvan-Valvan,0.03333333333333144,7
37,1734874060.0,46.504325,12.93397,1662.709368,2.9,10.7,POINT (1439802.9543354765 5861539.289158101),2.0,20.810966910178394,-1.9420149999998557,20.90138191595868,12.582562088732562,468.350922191712,134.0,Discesa,Valvan,Valvan,250.21666666666667,37.62248744872563,Valvan-Valvan,0.03333333333333144,7
38,1734874062.0,46.504237,12.934049,1661.987581,3.0,10.6,POINT (1439811.7485752492 5861525.056832307),2.0,16.73014496923371,-0.7217869999999493,16.74570772362115,12.702178218589763,479.8600660356133,136.0,Discesa,Valvan,Valvan,250.25,30.142273902518067,Valvan-Valvan,0.03333333333333144,7
39,1734874073.0,46.504164,12.934129,1662.218033,2.6,10.3,POINT (1439820.6541345126 5861513.250488618),11.0,14.788466353493764,0.23045200000001387,14.79026183719278,12.000888786050407,490.0362920970583,147.0,Discesa,Valvan,Valvan,250.43333333333334,4.840449328535819,Valvan-Valvan,0.18333333333333712,7
40,1734874081.0,46.504067,12.93417,1659.045092,3.1,10.4,POINT (1439825.2182336352 5861497.562631807),8.0,16.338294039644513,-3.172941000000037,16.643539488803597,11.642371849313063,501.26878795653465,155.0,Discesa,Valvan,Valvan,250.56666666666666,7.489592769961619,Valvan-Valvan,0.13333333333332575,7
41,1734874086.0,46.503968,12.934236,1657.902045,3.2,10.2,POINT (1439832.5653200275 5861481.551342895),5.0,17.61649939917758,-1.1430470000000241,17.653543766774792,11.551134988552223,513.3837772689876,160.0,Discesa,Valvan,Valvan,250.65,12.710551512077851,Valvan-Valvan,0.08333333333334281,7
42,1734874088.0,46.503858,12.934206,1655.300642,2.8,10.3,POINT (1439829.2257353037 5861463.7610560795),2.0,18.101025692299775,-2.6014030000001185,18.287001631806845,11.685031957215283,525.8264380746878,162.0,Discesa,Valvan,Valvan,250.68333333333334,32.91660293725232,Valvan-Valvan,0.03333333333333144,7
43,1734874090.0,46.503768,12.934188,1653.218298,2.7,10.4,POINT (1439827.2219844696 5861449.205393639),2.0,14.692934576746008,-2.082343999999921,14.839760207323906,11.764226937935524,535.925893839285,164.0,Discesa,Valvan,Valvan,250.71666666666667,26.71156837318303,Valvan-Valvan,0.03333333333333144,7
44,1734874092.0,46.503664,12.934253,1651.453716,2.7,10.6,POINT (1439834.457751371 5861432.385547053),2.0,18.310203762899697,-1.7645820000000185,18.395034967991506,11.895555964603838,548.5173028122881,166.0,Discesa,Valvan,Valvan,250.75,33.11106294238471,Valvan-Valvan,0.03333333333333144,7
45,1734874094.0,46.503529,12.934351,1649.328907,2.9,10.6,POINT (1439845.3670614688 5861410.552140342),2.0,24.407185323545892,-2.124808999999914,24.499500172542188,12.113653046948562,565.3038088575995,168.0,Discesa,Valvan,Valvan,250.78333333333333,44.09910031057594,Valvan-Valvan,0.03333333333333144,7
46,1734874096.0,46.503395,12.934455,1646.72496,2.9,10.6,POINT (1439856.9442885113 5861388.880516187),2.0,24.570133892600527,-2.603947000000062,24.7077319776447,12.329017995456192,582.203627563209,170.0,Discesa,Valvan,Valvan,250.81666666666666,44.47391755976046,Valvan-Valvan,0.03333333333333144,7
47,1734874098.0,46.503281,12.93451,1643.565945,2.8,10.6,POINT (1439863.066860505 5861370.443504855),2.0,19.42702433937341,-3.159014999999954,19.682191200494714,12.465224125870458,595.560708236033,172.0,Discesa,Valvan,Valvan,250.85,35.42794416089048,Valvan-Valvan,0.03333333333333144,7
48,1734874100.0,46.503191,12.934578,1641.561982,2.9,10.7,POINT (1439870.636585879 5861355.887996898),2.0,16.406204744671324,-2.0039630000001125,16.528140301602154,12.555412428414174,606.8449340400184,174.0,Discesa,Valvan,Valvan,250.88333333333333,29.750652542883877,Valvan-Valvan,0.03333333333333144,7
49,1734874103.0,46.503086,12.934581,1638.138881,3.0,10.7,POINT (1439870.9705443513 5861338.906601407),3.0,16.984679010701427,-3.4231009999998605,17.326192355874433,12.580050011837493,618.51912558201,177.0,Discesa,Valvan,Valvan,250.93333333333334,20.79143082704932,Valvan-Valvan,0.05000000000001137,7
50,1734874106.0,46.50297,12.934625,1633.72589,3.0,10.8,POINT (1439875.8686019462 5861320.146240708),3.0,19.38922643454522,-4.412991000000147,19.8850846439272,12.636975611108427,631.8487805554214,180.0,Discesa,Valvan,Valvan,250.98333333333332,23.86210157271264,Valvan-Valvan,0.04999999999998295,7
51,1734874108.0,46.502865,12.934687,1630.614104,2.7,10.9,POINT (1439882.7704103752 5861303.164914247),2.0,18.33031390872554,-3.111785999999938,18.592568948432397,12.747434292163218,644.4536225482516,182.0,Discesa,Valvan,Valvan,251.01666666666668,33.46662410717832,Valvan-Valvan,0.03333333333335986,7
52,1734874110.0,46.502783,12.934753,1626.871301,2.7,11.0,POINT (1439890.1174967678 5861289.903329722),2.0,15.160781726995554,-3.7428030000000945,15.615949438648038,12.812909739124411,654.8820533330254,184.0,Discesa,Valvan,Valvan,251.05,28.10870898956647,Valvan-Valvan,0.03333333333333144,7
53,1734874112.0,46.502727,12.934886,1623.905232,2.9,11.0,POINT (1439904.9229890432 5861280.846649346),2.0,17.355865318230006,-2.966068999999834,17.607487789497377,12.906564668492408,666.8391745387744,186.0,Discesa,Valvan,Valvan,251.08333333333334,31.693478021095277,Valvan-Valvan,0.03333333333333144,7
54,1734874114.0,46.502647,12.935015,1620.776722,2.8,11.3,POINT (1439919.2832033555 5861267.908550706),2.0,19.328997685318484,-3.1285100000000057,19.58054458739969,13.024114978858508,680.1482266737221,188.0,Discesa,Valvan,Valvan,251.11666666666667,35.24498025731944,Valvan-Valvan,0.03333333333333144,7
55,1734874116.0,46.502609,12.935213,1618.070532,2.9,11.4,POINT (1439941.3244625325 5861261.76296052),2.0,22.881988218786717,-2.706190000000106,23.041459353973107,13.185901596958734,695.9225842839332,190.0,Discesa,Valvan,Valvan,251.15,41.47462683715159,Valvan-Valvan,0.03333333333333144,7
56,1734874118.0,46.502552,12.935385,1616.392599,3.1,11.1,POINT (1439960.471414949 5861252.544583296),2.0,21.25051212253974,-1.677932999999939,21.316653691954027,13.323128319942226,710.566843730252,192.0,Discesa,Valvan,Valvan,251.18333333333334,38.36997664551725,Valvan-Valvan,0.03333333333333144,7
57,1734874120.0,46.50252,12.93557,1614.399012,3.1,10.5,POINT (1439981.065520746 5861247.369358214),2.0,21.234409533371096,-1.993586999999934,21.327787915240766,13.457431167053363,725.206012891209,194.0,Discesa,Valvan,Valvan,251.21666666666667,38.39001824743338,Valvan-Valvan,0.03333333333333144,7
58,1734874122.0,46.502521,12.935772,1613.110122,2.7,10.3,POINT (1440003.552057886 5861247.531083953),2.0,22.487118707552547,-1.2888900000000376,22.524025954514876,13.60490948520041,740.711738638689,196.0,Discesa,Valvan,Valvan,251.25,40.54324671812678,Valvan-Valvan,0.03333333333333144,7
59,1734874124.0,46.502526,12.93598,1610.994255,2.7,10.2,POINT (1440026.706511971 5861248.339712687),2.0,23.168569753142133,-2.11586699999998,23.26498479621041,13.75795074124372,756.6872907684046,198.0,Discesa,Valvan,Valvan,251.28333333333333,41.87697263317874,Valvan-Valvan,0.03333333333333144,7
60,1734874126.0,46.50254,12.936182,1609.373054,2.5,10.3,POINT (1440049.1930491114 5861250.603873535),2.0,22.600238425954593,-1.6212010000001555,22.658311269651055,13.900869338623888,772.2705188124382,200.0,Discesa,Valvan,Valvan,251.31666666666666,40.7849602853719,Valvan-Valvan,0.03333333333333144,7
61,1734874129.0,46.502461,12.936306,1608.139323,2.4,11.0,POINT (1440062.9966659697 5861237.827544955),3.0,18.808891789976098,-1.233730999999807,18.849310399783615,13.925100462210452,785.2209427302005,203.0,Discesa,Valvan,Valvan,251.36666666666667,22.61917247974034,Valvan-Valvan,0.05000000000001137,7
62,1734874132.0,46.502398,12.93641,1607.355723,3.2,11.1,POINT (1440074.5738930122 5861227.638840533),3.0,15.422123193249686,-0.7836000000002059,15.442017768017566,13.907889507163464,795.8403440210204,206.0,Discesa,Valvan,Valvan,251.41666666666666,18.53042132162108,Valvan-Valvan,0.04999999999998295,7
63,1734874135.0,46.50239,12.936568,1605.344059,3.2,10.2,POINT (1440092.1623725574 5861226.345037642),3.0,17.636001208678156,-2.0116639999998824,17.75036142396523,13.917718188592893,808.0008615044208,209.0,Discesa,Valvan,Valvan,251.46666666666667,21.300433708758277,Valvan-Valvan,0.05000000000001137,7
64,1734874137.0,46.502388,12.9367,1604.574764,3.3,10.0,POINT (1440106.8565453421 5861226.021586949),2.0,14.697732280082045,-0.7692950000000565,14.717851370835039,13.958710273642595,818.1355188162743,211.0,Discesa,Valvan,Valvan,251.5,26.49213246750307,Valvan-Valvan,0.03333333333333144,7
65,1734874139.0,46.502391,12.936846,1604.161207,3.4,9.9,POINT (1440123.109190998 5861226.506762993),2.0,16.25988581156777,-0.4135569999998552,16.265144204631934,14.017137922754127,829.3473270962859,213.0,Discesa,Valvan,Valvan,251.53333333333333,29.27725956833748,Valvan-Valvan,0.03333333333333144,7
66,1734874142.0,46.502434,12.937024,1601.744984,3.5,10.0,POINT (1440142.9240603591 5861233.460955899),3.0,20.999758255396962,-2.4162230000001728,21.13830599577087,14.063707415790427,843.8224449474255,216.0,Discesa,Valvan,Valvan,251.58333333333334,25.365967194925048,Valvan-Valvan,0.05000000000001137,7
67,1734874145.0,46.502432,12.937215,1597.830932,2.8,10.3,POINT (1440164.1860831007 5861233.137504945),3.0,21.264482866614998,-3.914051999999856,21.621702861783707,14.112084358652247,858.4851318180117,219.0,Discesa,Valvan,Valvan,251.63333333333333,25.94604343414045,Valvan-Valvan,0.04999999999998295,7
68,1734874148.0,46.502434,12.937405,1595.283326,2.7,10.4,POINT (1440185.3367863514 5861233.460955899),3.0,21.15317632219032,-2.547606000000087,21.306035878335265,14.157909217131945,873.0710683898033,222.0,Discesa,Valvan,Valvan,251.68333333333334,25.56724305400232,Valvan-Valvan,0.05000000000001137,7
69,1734874150.0,46.502434,12.937538,1593.005509,2.8,10.4,POINT (1440200.142278627 5861233.460955899),2.0,14.80549227562733,-2.2778169999999136,14.979687974358782,14.195572034354578,883.2800376931737,224.0,Discesa,Valvan,Valvan,251.71666666666667,26.96343835384581,Valvan-Valvan,0.03333333333333144,7
70,1734874153.0,46.502451,12.937701,1590.055223,3.1,10.6,POINT (1440218.2873556265 5861236.210289495),3.0,18.35218391736916,-2.9502860000000055,18.587814342163504,14.208639951928179,895.9336858576935,227.0,Discesa,Valvan,Valvan,251.76666666666668,22.305377210596205,Valvan-Valvan,0.05000000000001137,7
71,1734874156.0,46.502461,12.937876,1587.226896,3.1,10.8,POINT (1440237.768266515 5861237.827544955),3.0,19.547925830444296,-2.828327000000172,19.751476853427476,14.23428184190341,909.4124510104957,230.0,Discesa,Valvan,Valvan,251.81666666666666,23.701772224112972,Valvan-Valvan,0.04999999999998295,7
72,1734874158.0,46.502454,12.938021,1585.649345,3.2,11.1,POINT (1440253.9095926802 5861236.695466103),2.0,16.18097688314943,-1.5775509999998576,16.25769602528651,14.28470212794695,920.5696926899145,232.0,Discesa,Valvan,Valvan,251.85,29.263852845515718,Valvan-Valvan,0.03333333333333144,7
73,1734874160.0,46.502448,12.938164,1583.20282,3.2,11.2,POINT (1440269.8282798636 5861235.725112917),2.0,15.94823460289863,-2.446525000000065,16.13479691612877,14.33179223040861,931.5664949765596,234.0,Discesa,Valvan,Valvan,251.88333333333333,29.042634449031787,Valvan-Valvan,0.03333333333333144,7
74,1734874163.0,46.502417,12.938336,1580.396294,3.3,11.9,POINT (1440288.9752322799 5861230.711623163),3.0,19.792444678316677,-2.8065260000000762,19.990434075649848,14.357641237232718,945.211381451154,237.0,Discesa,Valvan,Valvan,251.93333333333334,23.988520890779817,Valvan-Valvan,0.05000000000001137,7
75,1734874166.0,46.502386,12.93849,1577.441916,3.4,13.3,POINT (1440306.1184338622 5861225.698136267),3.0,17.861254472939883,-2.954377999999906,18.103943236598994,14.362865134441982,957.5243422961321,240.0,Discesa,Valvan,Valvan,251.98333333333332,21.724731883918793,Valvan-Valvan,0.04999999999998295,7
76,1734874182.0,46.502241,12.939045,1560.198091,3.2,18.6,POINT (1440367.9007512524 5861202.247993585),16.0,66.0830079062265,-17.243825000000015,68.29577903915454,14.105714595745594,1003.0730379196866,256.0,Discesa,Valvan,Valvan,252.25,15.366550283809772,Valvan-Valvan,0.26666666666667993,7
77,1734874184.0,46.502266,12.939194,1558.038635,3.0,18.3,POINT (1440384.4873553808 5861206.29111717),2.0,17.07226654067544,-2.1594559999998637,17.20829843569089,14.160599690714637,1014.842977834549,258.0,Discesa,Valvan,Valvan,252.28333333333333,30.9749371842436,Valvan-Valvan,0.03333333333333144,7
78,1734874186.0,46.502315,12.939375,1555.489879,3.1,18.7,POINT (1440404.6361832141 5861214.2156447945),2.0,21.651175513852174,-2.5487560000001395,21.800677931641683,14.258298423034592,1029.765997219165,260.0,Discesa,Valvan,Valvan,252.31666666666666,39.24122027695503,Valvan-Valvan,0.03333333333333144,7
79,1734874188.0,46.502337,12.939566,1553.17634,3.2,18.6,POINT (1440425.8982059557 5861217.773598296),2.0,21.557658596903437,-2.3135389999999916,21.681446143769232,14.353689069895363,1044.6295934201626,262.0,Discesa,Valvan,Valvan,252.35,39.026603058784616,Valvan-Valvan,0.03333333333333144,7
80,1734874190.0,46.502292,12.939746,1550.695008,3.3,18.5,POINT (1440445.9357142986 5861210.495967673),2.0,21.318199925616295,-2.481332000000066,21.462121436679343,14.445326153207333,1059.323917901871,264.0,Discesa,Valvan,Valvan,252.38333333333333,38.63181858602282,Valvan-Valvan,0.03333333333333144,7
81,1734874192.0,46.50221,12.939883,1547.951794,3.4,18.5,POINT (1440461.186484537 5861197.234522918),2.0,20.210193216630888,-2.7432139999998526,20.395517470840215,14.525060840157048,1073.240606522715,266.0,Discesa,Valvan,Valvan,252.41666666666666,36.711931447512384,Valvan-Valvan,0.03333333333333144,7
82,1734874194.0,46.502092,12.939903,1545.051671,4.0,19.3,POINT (1440463.412874353 5861178.151015568),2.0,19.21294002525505,-2.9001230000001215,19.430588715455258,14.594066218221746,1086.4471518009523,268.0,Discesa,Valvan,Valvan,252.45,34.97505968781947,Valvan-Valvan,0.03333333333333144,7
83,1734874196.0,46.501978,12.939956,1543.128331,4.1,19.5,POINT (1440469.312807365 5861159.714446108),2.0,19.357590319876035,-1.923340000000053,19.4529056890676,14.663420475166058,1099.7565356374544,270.0,Discesa,Valvan,Valvan,252.48333333333332,35.01523024032168,Valvan-Valvan,0.03333333333333144,7
84,1734874204.0,46.502171,12.940859,1533.71635,4.1,18.0,POINT (1440569.8343075514 5861190.927257432),8.0,105.25593375406234,-9.411980999999969,105.67590537480112,15.181055419878668,1172.3148352017415,278.0,Discesa,Valvan,Valvan,252.61666666666667,47.5541574186605,Valvan-Valvan,0.13333333333335418,7
85,1734874206.0,46.502218,12.941085,1531.377937,3.9,14.9,POINT (1440594.9925124706 5861198.528321526),2.0,26.28138980576186,-2.338412999999946,26.385216040066304,15.305556200372697,1190.4321489178765,280.0,Discesa,Valvan,Valvan,252.65,47.49338887211935,Valvan-Valvan,0.03333333333333144,7
86,1734874208.0,46.502218,12.941299,1528.826413,3.4,13.6,POINT (1440618.8148835006 5861198.528321526),2.0,23.82237102999352,-2.551523999999972,23.95862342066527,15.406706500328157,1206.858675859039,282.0,Discesa,Valvan,Valvan,252.68333333333334,43.12552215719749,Valvan-Valvan,0.03333333333333144,7
87,1734874210.0,46.502276,12.941469,1526.531316,3.4,12.2,POINT (1440637.7391969354 5861207.908367127),2.0,21.121432111980297,-2.2950969999999415,21.2457610995794,15.482708276917858,1221.4136529568532,284.0,Discesa,Valvan,Valvan,252.71666666666667,38.24236997924292,Valvan-Valvan,0.03333333333333144,7
88,1734874212.0,46.502393,12.94156,1524.137658,3.4,12.0,POINT (1440647.8692705976 5861226.830213702),2.0,21.462867241175495,-2.3936579999999594,21.595931765804597,15.56026453887766,1236.1765716997252,286.0,Discesa,Valvan,Valvan,252.75,38.87267717844828,Valvan-Valvan,0.03333333333333144,7
89,1734874214.0,46.502496,12.941583,1521.73615,3.4,11.9,POINT (1440650.4296188857 5861243.487941402),2.0,16.8533461210203,-2.401508000000149,17.023587052938485,15.59701850620345,1247.761480496276,288.0,Discesa,Valvan,Valvan,252.78333333333333,30.642456695289273,Valvan-Valvan,0.03333333333333144,7
90,1734874216.0,46.502616,12.941522,1519.000242,3.5,11.8,POINT (1440643.6391299476 5861262.895042599),2.0,20.56079562895417,-2.735907999999881,20.742022791427175,15.664949744729821,1261.8987294365688,290.0,Discesa,Valvan,Valvan,252.81666666666666,37.335641024568915,Valvan-Valvan,0.03333333333333144,7
91,1734874218.0,46.50272,12.941416,1516.021108,3.4,11.4,POINT (1440631.8392639235 5861279.714564954),2.0,20.54587964606051,-2.9791340000001583,20.7607420344351,15.731946461587958,1276.035657439912,292.0,Discesa,Valvan,Valvan,252.85,37.36933566198318,Valvan-Valvan,0.03333333333333144,7
92,1734874220.0,46.50282,12.941384,1514.475937,3.7,11.1,POINT (1440628.2770402178 5861295.887212945),2.0,16.560313426299007,-1.545170999999982,16.632243811239064,15.764325472714388,1287.4199136050083,294.0,Discesa,Valvan,Valvan,252.88333333333333,29.938038860230318,Valvan-Valvan,0.03333333333333144,7
93,1734874222.0,46.502919,12.941477,1513.167709,3.8,10.9,POINT (1440638.6297528616 5861311.898163759),2.0,19.066441856136446,-1.3082279999998718,19.11127064204302,15.81734646508915,1300.5373760184411,296.0,Discesa,Valvan,Valvan,252.91666666666666,34.40028715567744,Valvan-Valvan,0.03333333333333144,7
94,1734874224.0,46.502983,12.941642,1510.917431,2.9,10.6,POINT (1440656.9974688427 5861322.248692934),2.0,21.08332147859398,-2.2502779999999802,21.203070429704894,15.886677732328913,1315.0638789538934,298.0,Discesa,Valvan,Valvan,252.95,38.16552677346881,Valvan-Valvan,0.03333333333333144,7
95,1734874226.0,46.503051,12.941823,1509.386927,2.9,10.2,POINT (1440677.146296676 5861333.24614353),2.0,22.95472026977398,-1.5305040000000645,23.00568680038891,15.970564117287285,1330.8803431072738,300.0,Discesa,Valvan,Valvan,252.98333333333332,41.410236240700044,Valvan-Valvan,0.03333333333333144,7
96,1734874228.0,46.503174,12.941941,1507.085743,3.2,10.2,POINT (1440690.2819965896 5861353.138625881),2.0,23.83815148639704,-2.301183999999921,23.948964781181445,16.06030412100059,1347.281067928383,302.0,Discesa,Valvan,Valvan,253.01666666666668,43.1081366061266,Valvan-Valvan,0.03333333333335986,7
97,1734874230.0,46.503307,12.942077,1503.925744,3.4,10.3,POINT (1440705.4214473376 5861374.648433859),2.0,26.3035132298646,-3.159999000000198,26.492648072883622,16.1689680423653,1365.3795235775142,304.0,Discesa,Valvan,Valvan,253.05,47.68676653119052,Valvan-Valvan,0.03333333333333144,7
98,1734874232.0,46.503463,12.942214,1500.881866,3.5,10.6,POINT (1440720.6722175763 5861399.878050129),2.0,29.480833264650048,-3.0438779999999497,29.63755595957569,16.30188232859591,1385.659997930652,306.0,Discesa,Valvan,Valvan,253.08333333333334,53.34760072723624,Valvan-Valvan,0.03333333333333144,7
99,1734874234.0,46.503608,12.942343,1496.71984,3.1,10.6,POINT (1440735.0324318886 5861423.328719912),2.0,27.498175728130725,-4.162025999999969,27.811366899162536,16.417131635139196,1404.5768176730198,308.0,Discesa,Valvan,Valvan,253.11666666666667,50.06046041849257,Valvan-Valvan,0.03333333333333144,7
100,1734874236.0,46.503729,12.942471,1495.447308,3.4,10.5,POINT (1440749.28132671 5861442.8979474),2.0,24.207140849332735,-1.2725319999999556,24.240565294366743,16.504647285855125,1421.233516281969,310.0,Discesa,Valvan,Valvan,253.15,43.63301752986014,Valvan-Valvan,0.03333333333333144,7
101,1734874238.0,46.503853,12.94258,1493.508788,3.4,10.4,POINT (1440761.4151512065 5861462.952407533),2.0,23.439519366995558,-1.9385199999999259,23.51954353184091,16.5848993694752,1437.3579453545171,312.0,Discesa,Valvan,Valvan,253.18333333333334,42.33517835731364,Valvan-Valvan,0.03333333333333144,7
102,1734874240.0,46.50399,12.94266,1490.457985,3.0,10.3,POINT (1440770.3207104702 5861485.109404578),2.0,23.879729978197776,-3.050803000000087,24.073821939535215,16.66752308014854,1453.778401990734,314.0,Discesa,Valvan,Valvan,253.21666666666667,43.33287949116339,Valvan-Valvan,0.03333333333333144,7
103,1734874242.0,46.504102,12.942718,1489.946919,3.1,10.4,POINT (1440776.777240936 5861503.223195471),2.0,19.230085963673357,-0.511066000000028,19.23687590609824,16.712663618071566,1467.0004731418376,316.0,Discesa,Valvan,Valvan,253.25,34.626376630976836,Valvan-Valvan,0.03333333333333144,7
104,1734874244.0,46.504202,12.942767,1489.339171,3.1,10.6,POINT (1440782.2318959848 5861519.396254588),2.0,17.06813120719679,-0.6077479999999014,17.078947875603717,16.740403294567386,1478.7356243534523,318.0,Discesa,Valvan,Valvan,253.28333333333333,30.74210617608669,Valvan-Valvan,0.03333333333333144,7
105,1734874246.0,46.504299,12.942817,1489.091467,2.9,10.6,POINT (1440787.7978705247 5861535.084150355),2.0,16.646024936503945,-0.2477040000001125,16.647867835201215,16.764535020298442,1490.1808906931947,320.0,Discesa,Valvan,Valvan,253.31666666666666,29.966162103362187,Valvan-Valvan,0.03333333333333144,7
106,1734874249.0,46.50439,12.942852,1488.462218,2.6,10.5,POINT (1440791.6940527023 5861549.801686265),3.0,15.224522941671113,-0.6292490000000726,15.237521225759496,16.725479752211324,1500.6472111011826,323.0,Discesa,Valvan,Valvan,253.36666666666667,18.285025470911396,Valvan-Valvan,0.05000000000001137,7
107,1734874253.0,46.504507,12.942845,1487.501572,2.9,10.5,POINT (1440790.9148162669 5861568.724268635),4.0,18.938620144572226,-0.960645999999997,18.962968483803188,16.664192604844875,1513.6641616067427,327.0,Discesa,Valvan,Valvan,253.43333333333334,17.06667163542287,Valvan-Valvan,0.06666666666666288,7
108,1734874256.0,46.504624,12.942831,1484.784268,2.7,10.5,POINT (1440789.3563433958 5861587.646891732),3.0,18.98669277572324,-2.7173039999997854,19.18015233485167,16.655065486301638,1526.7143362443167,330.0,Discesa,Valvan,Valvan,253.48333333333332,23.016182801822005,Valvan-Valvan,0.04999999999998295,7
109,1734874259.0,46.504744,12.942836,1483.835785,2.7,10.5,POINT (1440789.9129408498 5861607.054752596),3.0,19.415840544266903,-0.9484830000001239,19.438993905078725,16.649288615196074,1540.0591969056368,333.0,Discesa,Valvan,Valvan,253.53333333333333,23.32679268609447,Valvan-Valvan,0.05000000000001137,7
110,1734874261.0,46.504842,12.942888,1481.354386,2.8,10.6,POINT (1440795.701554371 5861622.904537415),2.0,16.873758482332953,-2.4813990000000103,17.05523574499351,16.67456756836649,1551.661148722993,335.0,Discesa,Valvan,Valvan,253.56666666666666,30.69942434098832,Valvan-Valvan,0.03333333333333144,7
111,1734874264.0,46.504921,12.942998,1480.536554,3.6,10.4,POINT (1440807.9466983583 5861635.681425569),3.0,17.697243349054453,-0.817831999999953,17.71613025849257,16.656319374305355,1563.843319032003,338.0,Discesa,Valvan,Valvan,253.61666666666667,21.259356310191084,Valvan-Valvan,0.05000000000001137,7
112,1734874268.0,46.505044,12.943026,1479.54055,3.5,10.1,POINT (1440811.0636441004 5861655.574592187),4.0,20.13587417689829,-0.9960040000000845,20.1604923758299,16.607200218182776,1577.6840207273635,342.0,Discesa,Valvan,Valvan,253.68333333333334,18.14444313824691,Valvan-Valvan,0.06666666666666288,7
113,1734874271.0,46.505136,12.943173,1475.565785,3.5,10.1,POINT (1440827.4276092472 5861670.454063308),3.0,22.117369106066356,-3.974764999999934,22.471688253871868,16.621691754271716,1592.9121264510395,345.0,Discesa,Valvan,Valvan,253.73333333333332,26.96602590464624,Valvan-Valvan,0.04999999999998295,7
114,1734874273.0,46.5052,12.943303,1472.988214,3.3,10.0,POINT (1440841.8991430502 5861680.8050145935),2.0,17.79234338469697,-2.5775710000000345,17.97807985795511,16.653027647080542,1605.1668315380412,347.0,Discesa,Valvan,Valvan,253.76666666666668,32.360543744319195,Valvan-Valvan,0.03333333333335986,7
115,1734874275.0,46.505282,12.943409,1470.928987,3.4,10.0,POINT (1440853.6990090744 5861694.067188736),2.0,17.751678826946346,-2.0592269999999644,17.870716745911007,16.68362704439534,1617.384955137215,349.0,Discesa,Valvan,Valvan,253.8,32.167290142639814,Valvan-Valvan,0.03333333333333144,7
116,1734874277.0,46.505351,12.943534,1468.176233,2.7,10.0,POINT (1440867.6139454234 5861705.226838574),2.0,17.837130881926747,-2.7527540000000954,18.0482933454524,16.714547713332024,1629.6684020498724,351.0,Discesa,Valvan,Valvan,253.83333333333334,32.48692802181432,Valvan-Valvan,0.03333333333333144,7
117,1734874279.0,46.505417,12.943662,1466.603538,2.6,10.0,POINT (1440881.862840245 5861715.9012995),2.0,17.803795092627524,-1.5726949999998396,17.87312197863855,16.74489646109589,1641.9301252130135,353.0,Discesa,Valvan,Valvan,253.86666666666667,32.17161956154939,Valvan-Valvan,0.03333333333333144,7
118,1734874281.0,46.505438,12.943814,1464.833277,2.6,10.1,POINT (1440898.7834028455 5861719.297721602),2.0,17.258074104970238,-1.7702610000001187,17.348629508429926,16.771214823773214,1653.8281284554141,355.0,Discesa,Valvan,Valvan,253.9,31.22753311517387,Valvan-Valvan,0.03333333333333144,7
119,1734874283.0,46.505472,12.943982,1460.448085,2.6,10.2,POINT (1440917.485077299 5861724.796693504),2.0,19.49336603411346,-4.385191999999961,19.980521219847894,16.812760613921984,1667.2654275472632,357.0,Discesa,Valvan,Valvan,253.93333333333334,35.96493819572621,Valvan-Valvan,0.03333333333333144,7
120,1734874285.0,46.505485,12.944148,1457.10378,2.6,10.3,POINT (1440935.9641127705 5861726.899242493),2.0,18.598265086090834,-3.3443050000000767,18.89655630387534,16.847683382909096,1680.0884262401014,359.0,Discesa,Valvan,Valvan,253.96666666666667,34.01380134697561,Valvan-Valvan,0.03333333333333144,7
121,1734874288.0,46.505492,12.944337,1453.949052,2.6,10.5,POINT (1440957.0034965305 5861728.031384464),3.0,21.069822363779483,-3.1547279999999773,21.304687822054703,16.852534315297365,1694.6159505937903,362.0,Discesa,Valvan,Valvan,254.01666666666668,25.565625386465644,Valvan-Valvan,0.05000000000001137,7
122,1734874291.0,46.505528,12.944513,1450.648268,3.0,10.8,POINT (1440976.5957269103 5861733.853831192),3.0,20.439089440254637,-3.3007840000000215,20.703901858378888,16.852981586384676,1708.7050775084463,365.0,Discesa,Valvan,Valvan,254.06666666666666,24.844682230054666,Valvan-Valvan,0.04999999999998295,7
123,1734874294.0,46.505529,12.944679,1446.530696,3.4,10.9,POINT (1440995.0747623818 5861734.015565879),3.0,18.479743235998367,-4.117571999999882,18.932916025895494,16.840241034250703,1721.4468612789606,368.0,Discesa,Valvan,Valvan,254.11666666666667,22.719499231074593,Valvan-Valvan,0.05000000000001137,7
124,1734874296.0,46.505564,12.944819,1444.263623,3.4,10.8,POINT (1441010.659491093 5861739.676281775),2.0,16.580937050104094,-2.267072999999982,16.735205210777774,16.860407178975944,1732.8751822836384,370.0,Discesa,Valvan,Valvan,254.15,30.123369379399996,Valvan-Valvan,0.03333333333333144,7
125,1734874298.0,46.505644,12.944991,1439.241548,3.3,10.7,POINT (1441029.8064435092 5861752.615074654),2.0,23.108832683432368,-5.022075000000086,23.648242752824107,16.92380153622423,1748.792825409837,372.0,Discesa,Valvan,Valvan,254.18333333333334,42.566836955083396,Valvan-Valvan,0.03333333333333144,7
126,1734874300.0,46.505702,12.945197,1437.207096,3.4,10.6,POINT (1441052.7382586128 5861761.995711398),2.0,24.77628885998924,-2.034451999999874,24.859675875077908,16.997662333914942,1765.8682535789412,374.0,Discesa,Valvan,Valvan,254.21666666666667,44.747416575140235,Valvan-Valvan,0.03333333333333144,7
127,1734874302.0,46.505724,12.945364,1434.081129,3.5,10.5,POINT (1441071.328613575 5861765.553886576),2.0,18.927807802696297,-3.1259670000001734,19.184201257829343,17.032188555729267,1778.9174713761677,376.0,Discesa,Valvan,Valvan,254.25,34.53156226409282,Valvan-Valvan,0.03333333333333144,7
128,1734874304.0,46.505777,12.945517,1431.739238,3.6,10.4,POINT (1441088.3604956665 5861774.125859959),2.0,19.067347357783962,-2.3418910000000324,19.210626973586056,17.067199165287143,1792.0559123551502,378.0,Discesa,Valvan,Valvan,254.28333333333333,34.579128552454904,Valvan-Valvan,0.03333333333333144,7
129,1734874306.0,46.505849,12.94567,1430.548082,3.5,10.4,POINT (1441105.3923777577 5861785.770818321),2.0,20.632257821688096,-1.1911559999998644,20.666613545449223,17.112006735002296,1806.2673775835756,380.0,Discesa,Valvan,Valvan,254.31666666666666,37.1999043818086,Valvan-Valvan,0.03333333333333144,7
130,1734874308.0,46.505978,12.945826,1428.365393,3.2,10.6,POINT (1441122.7582183217 5861806.634740626),2.0,27.145453992534634,-2.182688999999982,27.233064530668145,17.198471085619484,1824.9488763074005,382.0,Discesa,Valvan,Valvan,254.35,49.01951615520266,Valvan-Valvan,0.03333333333333144,7
131,1734874310.0,46.506088,12.945994,1425.470741,4.1,10.7,POINT (1441141.459892775 5861824.425721236),2.0,25.812237764065248,-2.894651999999951,25.974037587362883,17.275494093104328,1842.7193699311283,384.0,Discesa,Valvan,Valvan,254.38333333333333,46.75326765725319,Valvan-Valvan,0.03333333333333144,7
132,1734874312.0,46.506141,12.94617,1423.282862,3.7,10.6,POINT (1441161.0521231545 5861832.997752019),2.0,21.385396956851427,-2.1878790000000663,21.497023457231272,17.323432392719003,1857.4569176637597,386.0,Discesa,Valvan,Valvan,254.41666666666666,38.69464222301629,Valvan-Valvan,0.03333333333333144,7
133,1734874314.0,46.50625,12.946291,1420.844947,3.2,10.4,POINT (1441174.5217815405 5861850.627049142),2.0,22.186117597789572,-2.4379149999999754,22.31966047255587,17.375783591599415,1872.7233426501589,388.0,Discesa,Valvan,Valvan,254.45,40.17538885060057,Valvan-Valvan,0.03333333333333144,7
134,1734874316.0,46.506405,12.946314,1418.076048,3.2,10.3,POINT (1441177.0821298286 5861875.696293998),2.0,25.19965120805228,-2.7688990000001468,25.35131599502662,17.446555654522033,1890.043529239887,390.0,Discesa,Valvan,Valvan,254.48333333333332,45.63236879104792,Valvan-Valvan,0.03333333333333144,7
135,1734874318.0,46.506546,12.946349,1414.677953,3.0,10.3,POINT (1441180.9783120065 5861898.501282052),2.0,23.135421235225724,-3.398095000000012,23.383643115655833,17.503583938223343,1905.9458066065417,392.0,Discesa,Valvan,Valvan,254.51666666666668,42.0905576081805,Valvan-Valvan,0.03333333333335986,7
136,1734874320.0,46.506642,12.946458,1411.316798,3.2,10.3,POINT (1441193.112136503 5861914.028116277),2.0,19.705640765323572,-3.361154999999826,19.990238640546693,17.538631271696946,1919.5057558468325,394.0,Discesa,Valvan,Valvan,254.55,35.98242955298405,Valvan-Valvan,0.03333333333333144,7
137,1734874322.0,46.506743,12.946538,1408.200794,3.6,10.3,POINT (1441202.0176957666 5861930.363669386),2.0,18.605356249374896,-3.1160039999999753,18.864484145986324,17.566385629532636,1932.30241924859,396.0,Discesa,Valvan,Valvan,254.58333333333334,33.956071462775384,Valvan-Valvan,0.03333333333333144,7
138,1734874325.0,46.506793,12.94668,1404.292109,3.5,10.5,POINT (1441217.825063459 5861938.4505881),3.0,17.7558758624874,-3.908685000000105,18.18100508974376,17.544692477151617,1944.5367495509709,399.0,Discesa,Valvan,Valvan,254.63333333333333,21.817206107692513,Valvan-Valvan,0.04999999999998295,7
139,1734874328.0,46.506903,12.946809,1400.283517,3.4,10.5,POINT (1441232.1852777714 5861956.241835446),3.0,22.863600705884988,-4.008591999999908,23.212346866713148,17.554660901859233,1960.270467374281,402.0,Discesa,Valvan,Valvan,254.68333333333334,27.85481624005578,Valvan-Valvan,0.05000000000001137,7
140,1734874330.0,46.506989,12.946872,1396.885063,3.9,10.3,POINT (1441239.1984056917 5861970.151381178),2.0,15.577529511718089,-3.398454000000129,15.943930358558546,17.56322068238556,1970.9836543566016,404.0,Discesa,Valvan,Valvan,254.71666666666667,28.699074645405386,Valvan-Valvan,0.03333333333333144,7
141,1734874332.0,46.507108,12.946887,1394.324889,4.3,10.2,POINT (1441240.8681980534 5861989.398347029),2.0,19.319262434821034,-2.560173999999961,19.48816030146927,17.594440008127393,1984.261845361034,406.0,Discesa,Valvan,Valvan,254.75,35.07868854264469,Valvan-Valvan,0.03333333333333144,7
142,1734874334.0,46.507247,12.94688,1389.508785,3.8,10.2,POINT (1441240.0889616178 5862011.880150409),2.0,22.49530379073637,-4.816103999999996,23.005076621831407,17.64461111854154,1999.722593434708,408.0,Discesa,Valvan,Valvan,254.78333333333333,41.40913791929653,Valvan-Valvan,0.03333333333333144,7
143,1734874336.0,46.507351,12.946951,1385.881105,4.6,10.2,POINT (1441247.9926454641 5862028.701105645),2.0,18.585283247186013,-3.627680000000055,18.936018999793315,17.67076102876735,2012.5033393873928,410.0,Discesa,Valvan,Valvan,254.81666666666666,34.08483419962797,Valvan-Valvan,0.03333333333333144,7
144,1734874338.0,46.507494,12.946939,1382.567514,4.3,10.3,POINT (1441246.6568115747 5862051.829971642),2.0,23.167410181147563,-3.3135909999998603,23.403178839995643,17.724111160956262,2028.4260550872168,412.0,Discesa,Valvan,Valvan,254.85,42.12572191199216,Valvan-Valvan,0.03333333333333144,7
145,1734874340.0,46.507636,12.946928,1379.444125,3.7,10.3,POINT (1441245.4322971758 5862074.797157525),2.0,22.999805714194732,-3.1233890000000883,23.210916003812216,17.77594358428608,2044.233512192899,414.0,Discesa,Valvan,Valvan,254.88333333333333,41.77964880686199,Valvan-Valvan,0.03333333333333144,7
146,1734874342.0,46.507771,12.94692,1378.271255,3.8,10.2,POINT (1441244.5417412496 5862096.632213824),2.0,21.85320968308957,-1.1728699999998753,21.884661237724917,17.820457225890948,2059.252834991843,416.0,Discesa,Valvan,Valvan,254.91666666666666,39.39239022790485,Valvan-Valvan,0.03333333333333144,7
147,1734874344.0,46.507914,12.946962,1375.818963,3.7,10.1,POINT (1441249.2171598626 5862119.761258531),2.0,23.59686945893929,-2.4522920000001704,23.723953808661125,17.874882367471717,2075.472452667549,418.0,Discesa,Valvan,Valvan,254.95,42.703116855590025,Valvan-Valvan,0.03333333333333144,7
148,1734874346.0,46.508038,12.946968,1375.062939,3.7,10.2,POINT (1441249.8850768076 5862139.817262638),2.0,20.067122708183362,-0.7560240000000249,20.081359168987152,17.907978315052294,2089.264136756101,420.0,Discesa,Valvan,Valvan,254.98333333333332,36.14644650417687,Valvan-Valvan,0.03333333333333144,7
149,1734874349.0,46.508166,12.946894,1374.381375,3.6,10.2,POINT (1441241.6474344889 5862160.520282611),3.0,22.281691743871026,-0.6815639999999803,22.29211332411053,17.911356990666288,2104.584446403289,423.0,Discesa,Valvan,Valvan,255.03333333333333,26.75053598893264,Valvan-Valvan,0.05000000000001137,7
150,1734874351.0,46.508267,12.946838,1373.680884,4.4,10.2,POINT (1441235.4135430043 5862176.856293719),2.0,17.485041091239513,-0.700490999999829,17.499067106660714,17.928900521750183,2116.6063115955076,425.0,Discesa,Valvan,Valvan,255.06666666666666,31.498320791989286,Valvan-Valvan,0.03333333333333144,7
151,1734874353.0,46.508371,12.946725,1371.813955,4.2,10.4,POINT (1441222.834440545 5862193.6775646005),2.0,21.004498869113057,-1.8669290000000274,21.087304157563924,17.966770713326113,2131.0586373861806,427.0,Discesa,Valvan,Valvan,255.1,37.95714748361507,Valvan-Valvan,0.03333333333333144,7
152,1734874355.0,46.50851,12.946612,1369.474249,4.0,10.6,POINT (1441210.2553380851 5862216.15989036),2.0,25.762158105657377,-2.3397059999999783,25.868185371752,18.03170074045221,2148.777671570555,429.0,Discesa,Valvan,Valvan,255.13333333333333,46.5627336691536,Valvan-Valvan,0.03333333333333144,7
153,1734874357.0,46.508674,12.946464,1366.629283,4.7,10.8,POINT (1441193.780053448 5862242.685873821),2.0,31.2259956199797,-2.844966000000113,31.35532863805047,18.1274397987141,2170.257375901605,431.0,Discesa,Valvan,Valvan,255.16666666666666,56.439591548490846,Valvan-Valvan,0.03333333333333144,7
154,1734874359.0,46.508822,12.946362,1364.801169,3.2,11.1,POINT (1441182.4254653868 5862266.624025161),2.0,26.494560943977888,-1.828113999999914,26.55755561815044,18.19518870732036,2188.4768639638096,433.0,Discesa,Valvan,Valvan,255.2,47.80360011267079,Valvan-Valvan,0.03333333333333144,7
155,1734874361.0,46.509034,12.946238,1361.992806,3.9,11.4,POINT (1441168.6218485283 5862300.913923064),2.0,36.96399513806497,-2.8083630000000994,37.07052520947957,18.321866353252908,2213.8921843513926,435.0,Discesa,Valvan,Valvan,255.23333333333332,66.72694537706323,Valvan-Valvan,0.03333333333333144,7
156,1734874362.0,46.509129,12.946225,1360.109954,5.0,11.5,POINT (1441167.1746951481 5862316.279722596),1.0,15.433795649256197,-1.8828519999999571,15.548221113584132,18.367427340253386,2224.4995334306877,436.0,Discesa,Valvan,Valvan,255.25,55.973596008902874,Valvan-Valvan,0.01666666666667993,7
157,1734874363.0,46.50922,12.946244,1358.352428,4.6,11.5,POINT (1441169.2897654732 5862330.998566276),1.0,14.870033012071321,-1.757526000000098,14.973535969194693,18.409590830549295,2234.719775819456,437.0,Discesa,Valvan,Valvan,255.26666666666668,53.904729489100895,Valvan-Valvan,0.01666666666667993,7
158,1734874364.0,46.509316,12.946256,1357.516103,4.8,11.4,POINT (1441170.625599363 5862346.526164343),1.0,15.58495280352038,-0.836324999999988,15.60737624950404,18.45559665526834,2245.4309263909818,438.0,Discesa,Valvan,Valvan,255.28333333333333,56.18655449821454,Valvan-Valvan,0.01666666666665151,7
159,1734874366.0,46.509468,12.946304,1356.284192,4.9,11.0,POINT (1441175.9689349208 5862371.111584035),2.0,25.15937392547027,-1.2319109999998545,25.189515696685277,18.513199528366886,2262.724386800397,440.0,Discesa,Valvan,Valvan,255.31666666666666,45.3411282540335,Valvan-Valvan,0.03333333333333144,7
160,1734874368.0,46.509582,12.946391,1354.577655,4.3,10.6,POINT (1441185.65373062 5862389.550693924),2.0,20.82777091352756,-1.7065370000000257,20.897567077503393,18.546094628684223,2277.0482849662294,442.0,Discesa,Valvan,Valvan,255.35,37.615620739506106,Valvan-Valvan,0.03333333333333144,7
161,1734874370.0,46.509667,12.946471,1354.306484,4.0,10.5,POINT (1441194.5592898834 5862403.299178219),2.0,16.3807755074672,-0.27117100000009486,16.383019866229738,18.553919034971223,2288.316680979784,444.0,Discesa,Valvan,Valvan,255.38333333333333,29.489435759213528,Valvan-Valvan,0.03333333333333144,7
162,1734874372.0,46.509755,12.946552,1353.800456,4.2,10.3,POINT (1441203.5761686375 5862417.532925789),2.0,16.84944130672543,-0.5060280000000148,16.857038194343904,18.56427268379262,2299.907115825419,446.0,Discesa,Valvan,Valvan,255.41666666666666,30.342668749819026,Valvan-Valvan,0.03333333333333144,7
163,1734874374.0,46.509835,12.946645,1353.236034,4.0,10.2,POINT (1441213.9288812815 5862430.472716305),2.0,16.571567146531446,-0.5644219999999223,16.581176372202435,18.573028135293818,2311.310167947675,448.0,Discesa,Valvan,Valvan,255.45,29.846117469964383,Valvan-Valvan,0.03333333333333144,7
164,1734874376.0,46.509898,12.946739,1352.893882,3.9,10.2,POINT (1441224.392913416 5862440.662814741),2.0,14.605960243666834,-0.34215199999994184,14.609967235783936,18.570916763401502,2321.364595425188,450.0,Discesa,Valvan,Valvan,255.48333333333332,26.297941024411084,Valvan-Valvan,0.03333333333333144,7
165,1734874378.0,46.509962,12.946831,1351.891765,3.8,10.2,POINT (1441234.634306569 5862451.014672865),2.0,14.561837120832315,-1.0021169999999984,14.596278252189459,18.568577332654836,2331.388042877774,452.0,Discesa,Valvan,Valvan,255.51666666666668,26.273300853941027,Valvan-Valvan,0.03333333333335986,7
166,1734874380.0,46.510016,12.946945,1351.261169,4.5,10.2,POINT (1441247.3247285192 5862459.74906264),2.0,15.405725364606926,-0.6305959999999686,15.418625922075844,18.57091379206071,2341.998572665434,454.0,Discesa,Valvan,Valvan,255.55,27.75352665973652,Valvan-Valvan,0.03333333333333144,7
167,1734874382.0,46.51006,12.947094,1350.224057,4.4,10.2,POINT (1441263.9113326475 5862466.865979242),2.0,18.048987185920183,-1.0371120000002065,18.078759352844305,18.587654019326013,2354.436175781295,456.0,Discesa,Valvan,Valvan,255.58333333333334,32.54176683511975,Valvan-Valvan,0.03333333333333144,7
168,1734874384.0,46.51012,12.947231,1348.847747,4.2,10.3,POINT (1441279.1621028862 5862476.570874801),2.0,18.076808088819345,-1.3763099999998758,18.129126286065308,18.60435729969068,2366.8876786828696,458.0,Discesa,Valvan,Valvan,255.61666666666667,32.63242731491756,Valvan-Valvan,0.03333333333333144,7
169,1734874386.0,46.51023,12.947368,1347.358857,4.2,10.4,POINT (1441294.412873125 5862494.363211153),2.0,23.434018557263315,-1.488890000000083,23.481269539236198,18.649678277426304,2383.014446560028,460.0,Discesa,Valvan,Valvan,255.65,42.26628517062516,Valvan-Valvan,0.03333333333333144,7
170,1734874388.0,46.510343,12.947498,1345.497598,3.6,10.4,POINT (1441308.884406928 5862512.640830538),2.0,23.31301484152621,-1.8612590000000182,23.387196199337414,18.6939425070267,2399.0559550684266,462.0,Discesa,Valvan,Valvan,255.68333333333334,42.096953158807345,Valvan-Valvan,0.03333333333333144,7
171,1734874390.0,46.510404,12.947604,1344.03061,4.5,10.4,POINT (1441320.6842729521 5862522.507525822),2.0,15.381434068837043,-1.4669879999999011,15.45123191872171,18.695534298535257,2409.646642922322,464.0,Discesa,Valvan,Valvan,255.71666666666667,27.81221745369908,Valvan-Valvan,0.03333333333333144,7
172,1734874394.0,46.510395,12.947762,1342.105581,5.1,10.4,POINT (1441338.2727524976 5862521.051783198),4.0,17.648620323106304,-1.925028999999995,17.753296481498918,18.62933861858177,2421.81402041563,468.0,Discesa,Valvan,Valvan,255.78333333333333,15.977966833349026,Valvan-Valvan,0.06666666666666288,7
173,1734874396.0,46.51038,12.947902,1339.988553,4.9,10.4,POINT (1441353.8574812084 5862518.625546026),2.0,15.772456872734578,-2.1170280000001185,15.913899690366806,18.633349886250834,2432.6873462605254,470.0,Discesa,Valvan,Valvan,255.81666666666666,28.645019442660253,Valvan-Valvan,0.03333333333333144,7
174,1734874398.0,46.510367,12.948074,1336.830602,5.1,10.1,POINT (1441373.004433625 5862516.5228076875),2.0,19.262068823482632,-3.157950999999912,19.519220012054326,18.655679471361264,2445.966864022921,472.0,Discesa,Valvan,Valvan,255.85,35.13459602169779,Valvan-Valvan,0.03333333333333144,7
175,1734874400.0,46.510391,12.948336,1333.464226,4.8,10.1,POINT (1441402.1701402126 5862520.404786553),2.0,29.422919649058667,-3.3663759999999456,29.614872750838188,18.731020610201085,2466.2510470098096,474.0,Discesa,Valvan,Valvan,255.88333333333333,53.30677095150874,Valvan-Valvan,0.03333333333333144,7
176,1734874402.0,46.510397,12.948536,1331.793837,4.6,10.0,POINT (1441424.4340383715 5862521.375281537),2.0,22.285040312815443,-1.6703890000001138,22.347555149392313,18.76851774078398,2481.6151235036596,476.0,Discesa,Valvan,Valvan,255.91666666666666,40.225599268906166,Valvan-Valvan,0.03333333333333144,7
177,1734874404.0,46.510433,12.948725,1330.405153,4.4,9.9,POINT (1441445.4734221313 5862527.198253691),2.0,21.830315474082564,-1.388684000000012,21.874439808823098,18.803314991960157,2496.6623794880434,478.0,Discesa,Valvan,Valvan,255.95,39.373991655881575,Valvan-Valvan,0.03333333333333144,7
178,1734874406.0,46.510452,12.948926,1329.349853,4.5,9.9,POINT (1441467.8486397807 5862530.271490551),2.0,22.585286131715154,-1.0552999999999884,22.609927194518892,18.841744648604156,2512.232619813887,480.0,Discesa,Valvan,Valvan,255.98333333333332,40.69786895013401,Valvan-Valvan,0.03333333333333144,7
179,1734874408.0,46.510467,12.949108,1328.654463,4.4,9.9,POINT (1441488.1087871052 5862532.697730934),2.0,20.40490656707151,-0.6953899999998612,20.41675241714553,18.868629981886688,2526.2999031303843,482.0,Discesa,Valvan,Valvan,256.01666666666665,36.750154350861955,Valvan-Valvan,0.03333333333333144,7
180,1734874410.0,46.510489,12.949266,1327.827973,4.9,9.9,POINT (1441505.6972666504 5862536.256218043),2.0,17.94484447456138,-0.8264900000001489,17.963867315706167,18.882670972331557,2538.6702085023535,484.0,Discesa,Valvan,Valvan,256.05,32.3349611682711,Valvan-Valvan,0.03333333333335986,7
181,1734874412.0,46.510509,12.949417,1327.20485,4.5,9.9,POINT (1441522.5065097602 5862539.491207572),2.0,17.117704611697594,-0.6231229999998504,17.12904239724048,18.89237373721351,2550.4704545238237,486.0,Discesa,Valvan,Valvan,256.0833333333333,30.832276315032864,Valvan-Valvan,0.03333333333330302,7
182,1734874414.0,46.510514,12.949562,1326.356518,4.6,9.9,POINT (1441538.6478359255 5862540.299955141),2.0,16.161574273717182,-0.8483320000000276,16.18382371960042,18.89714328575025,2561.6127565128118,488.0,Discesa,Valvan,Valvan,256.1166666666667,29.130882695280754,Valvan-Valvan,0.03333333333335986,7
183,1734874417.0,46.510537,12.949748,1325.330378,4.0,10.1,POINT (1441559.3532612128 5862544.020194914),3.0,21.036986958738826,-1.0261399999999412,21.0619985661795,18.88801217058511,2576.1149932659137,491.0,Discesa,Valvan,Valvan,256.1666666666667,25.2743982794154,Valvan-Valvan,0.05000000000001137,7
184,1734874420.0,46.510578,12.949918,1324.531529,4.5,10.1,POINT (1441578.2775746477 5862550.651930589),3.0,20.052669574013866,-0.7988490000000183,20.068575354752575,18.874021944431473,2589.935233485874,494.0,Discesa,Valvan,Valvan,256.21666666666664,24.082290425703093,Valvan-Valvan,0.049999999999954525,7
185,1734874423.0,46.51065,12.950051,1324.329398,4.6,10.0,POINT (1441593.0830669233 5862562.297917538),3.0,18.836974638782095,-0.2021310000000085,18.838059095439764,18.85404994986242,2602.906340300451,497.0,Discesa,Valvan,Valvan,256.26666666666665,22.605670914527717,Valvan-Valvan,0.05000000000001137,7
186,1734874426.0,46.510714,12.950176,1323.766905,4.4,10.0,POINT (1441606.9980032726 5862572.649918888),3.0,17.34328070299398,-0.5624930000001314,17.35239994692067,18.826919024855556,2614.8498645632717,500.0,Discesa,Valvan,Valvan,256.31666666666666,20.822879936304805,Valvan-Valvan,0.05000000000001137,7
187,1734874430.0,46.510778,12.950318,1323.477348,4.3,9.9,POINT (1441622.805370965 5862583.00193243),4.0,18.895424254173665,-0.2895570000000589,18.897642736634204,18.770461351189468,2627.8645891665255,504.0,Discesa,Valvan,Valvan,256.3833333333333,17.007878462970783,Valvan-Valvan,0.06666666666666288,7
188,1734874434.0,46.510838,12.950441,1322.730604,4.5,9.9,POINT (1441636.4976683327 5862592.706956194),4.0,16.782922673274733,-0.7467439999998078,16.799527376050044,18.704572434410665,2639.4229990779495,508.0,Discesa,Valvan,Valvan,256.45,15.11957463844504,Valvan-Valvan,0.06666666666666288,7
189,1734874439.0,46.510907,12.950555,1322.252519,4.7,9.9,POINT (1441649.188090283 5862603.867746769),5.0,16.900001643511885,-0.47808500000019194,16.90676257649375,18.603917594228847,2651.0582571776104,513.0,Discesa,Valvan,Valvan,256.53333333333336,12.1728690550755,Valvan-Valvan,0.08333333333337123,7
190,1734874449.0,46.510984,12.95068,1321.381322,4.8,10.3,POINT (1441663.1030266322 5862616.322558775),10.0,18.67479037868789,-0.8711969999999383,18.695100424997527,18.336700110696135,2663.915043859466,523.0,Discesa,Valvan,Valvan,256.7,6.73023615299911,Valvan-Valvan,0.16666666666662877,7
191,1734874453.0,46.511044,12.950789,1322.3137,4.9,10.0,POINT (1441675.2368511287 5862626.027619324),4.0,15.53762842823536,0.9323779999999715,15.56557823881887,18.27060714282368,2674.613878963355,527.0,Discesa,Valvan,Valvan,256.76666666666665,14.009020414936984,Valvan-Valvan,0.06666666666666288,7
192,1734874457.0,46.511104,12.950897,1321.565462,4.7,10.0,POINT (1441687.2593561343 5862635.732690587),4.0,15.450858708486447,-0.7482379999999011,15.468965541827783,18.205103769051643,2685.252805935117,531.0,Discesa,Valvan,Valvan,256.8333333333333,13.922068987645005,Valvan-Valvan,0.06666666666666288,7
193,1734874463.0,46.511184,12.950992,1321.555613,4.2,10.0,POINT (1441697.8347077596 5862648.672802269),6.0,16.711808769818827,-0.009849000000031083,16.711811672041858,18.07878736665602,2696.7524488595227,537.0,Discesa,Valvan,Valvan,256.93333333333334,10.027087003225114,Valvan-Valvan,0.10000000000002274,7
194,1734874470.0,46.511249,12.951084,1320.859027,4.5,10.3,POINT (1441708.0761009126 5862659.186657037),7.0,14.677441050191511,-0.6965860000000248,14.693961611398164,17.913010918484872,2706.854983237714,544.0,Discesa,Valvan,Valvan,257.05,7.556894543004771,Valvan-Valvan,0.11666666666667425,7
